72
8|2,3|7
5|3,8|2,7|1
9,3,12,14,2,8,1,1,1,1,1,1,1,1,1,1
34
7|4,5|3
1|4,6|1,5|2
10,4,11,3,1,1,1,1,1,1,1,1,1,1
18
6|9,1|3,8|5
3|3,7|4,5|2,2|1
13,6,3,15,10,1,1,1,1,1,1,1,1,1,1,1
57
3|6
4|5,3|4,8|2,1|5
1,8,3,12,1,1,1,1,1,1,1,1,1,1
90
10|2,7|6
2|3,6|5,4|1
14,7,3,11,10,1,1,1,1,1,1,1,1,1,1
21
9|8,3|4
8|3,2|4,4|2
2,5,9,11,13,1,1,1,1,1,1,1,1,1,1
65
1|3,5|7
1|2,4|3
15,8,4,10,7,6,1,1,1,1,1,1,1,1,1,1
12
4|5
3|5,2|4,1|3
6,10,14,12,1,1,1,1,1,1,1,1,1,1
89
7|2,8|6
8|2,5|1
9,1,13,5,12,4,11,8,1,1,1,1,1,1,1,1,1,1
47
5|10
6|3,7|1
2,10,4,9,1,1,1,1,1,1,1,1,1,1
23
2|6,5|9
5|1,3|2,6|4,7|3
8,2,14,11,5,1,1,1,1,1,1,1,1,1,1
51
10|7
1|3,4|2,2|5
12,3,6,15,10,7,9,1,1,1,1,1,1,1,1,1,1
76
3|4,1|8,6|9
2|1,7|5,4|3
11,2,14,13,1,1,1,1,1,1,1,1,1,1
42
5|6
8|4,3|1,2|5
7,12,3,10,1,1,1,1,1,1,1,1,1,1
68
6|7,3|2,9|1
4|2,8|3,1|4
15,5,6,13,1,1,1,1,1,1,1,1,1,1
30
2|9,5|3
5|4,1|3,7|2
8,1,11,14,4,2,7,1,1,1,1,1,1,1,1,1,1
93
10|2,4|6
7|3,1|4,8|5,2|1
13,6,12,9,10,1,1,1,1,1,1,1,1,1,1
17
9|5,1|4
4|3,6|1,7|2
2,15,7,3,8,1,1,1,1,1,1,1,1,1,1
29
3|7,2|10
3|5,4|2
6,11,1,14,13,9,1,1,1,1,1,1,1,1,1,1
58
8|3,6|5,9|1
6|4,5|3,2|2
3,10,8,12,14,1,1,1,1,1,1,1,1,1,1
46
10|6,2|9
1|3,8|2,7|5,4|4
5,15,11,1,9,1,1,1,1,1,1,1,1,1,1
35
4|5,1|7,3|8
5|2,7|3,2|1
13,2,6,12,4,1,1,1,1,1,1,1,1,1,1
80
2|8,7|1
3|5,6|3,4|2,1|4
15,10,9,7,1,1,1,1,1,1,1,1,1,1
19
6|4,9|3
2|8,5|2,1|3
11,13,5,14,7,1,1,1,1,1,1,1,1,1,1
71
1|3,8|4
3|1,6|5,4|2
12,9,2,15,3,10,1,1,1,1,1,1,1,1,1,1